DIRECTIONS
1
700

60
 1.0000000000   0.0000000000   0.0000000000
 0.5867917880  -0.3765825401  -0.7168409782
 0.8941946396   0.0229172218   0.4470914307
 0.7292807003  -0.4109697317   0.5470407112
-0.1542514872   0.9643685389  -0.2149413870
 0.1171358937   0.7735388946  -0.6228296405
-0.4075748558  -0.4149938010  -0.8134266298
 0.2113303675   0.7537379261   0.6222689246
 0.0953754479  -0.9695170076   0.2256995700
-0.1354495929  -0.0334895243  -0.9902180869
-0.1421249090  -0.7505207879  -0.6453828764
-0.6370086516   0.7461087590  -0.1937568003
 0.0805627090   0.9716688439   0.2221920516
 0.1068711102  -0.0212132049   0.9940465612
 0.2987471838   0.3872142910   0.8722472201
-0.2074923466  -0.8034317141   0.5580720446
 0.3311253599  -0.0403370235  -0.9427242017
-0.8052938703  -0.5894943816  -0.0632309772
 0.3372782393  -0.7497744517  -0.5692817061
 0.5923956565  -0.7613903146   0.2633480110
-0.0889786763  -0.4656499028   0.8804845048
-0.5279822841  -0.4309273477   0.7318034768
-0.3691107672  -0.9270817276   0.0653965747
 0.3119141107   0.9263806671  -0.2110176467
-0.6845107095   0.4393361237  -0.5817463872
-0.0301144372  -0.9666234693  -0.2544252134
-0.3375681082   0.7446536700  -0.5757939598
-0.5748043973   0.0248056695  -0.8179147777
 0.2711345897  -0.7478336044   0.6059958204
-0.9351846353   0.1854208474   0.3017429489
 0.8890828042   0.3096650018  -0.3371043665
-0.8843427628   0.0335738057  -0.4656293348
 0.5450453160   0.5863166623  -0.5992982354
-0.3507739501  -0.0162741008   0.9363187436
 0.4161578229  -0.9005281933  -0.1259430007
-0.7326543804   0.0032497924   0.6805931220
-0.7392091927   0.6114227884   0.2823684530
-0.2563531817   0.4068753637  -0.8767756182
-0.9190233497   0.3725215524  -0.1289332220
-0.2572930879   0.7654856997   0.5897727617
-0.5898325959   0.4339526330   0.6810158743
 0.8911355730  -0.1859567819  -0.4138809802
 0.6790668275   0.1421053101  -0.7201904780
-0.8798114304  -0.3095542322   0.3607048990
-0.6216091234  -0.6971946467   0.3571018374
 0.8970498267  -0.4302092257   0.1011020795
-0.1633471451   0.4178925801   0.8936909430
-0.5071832929  -0.7783088090  -0.3701357929
 0.1070146247  -0.4463982695  -0.8884123227
 0.8834848752   0.4352636229   0.1732052363
 0.5981714157   0.0298426427   0.8008123214
 0.6961919295   0.6981038794  -0.1672356743
-0.3935564738   0.9008076113   0.1834637547
-0.7610879393  -0.4028968520  -0.5083495602
 0.2103242675   0.3961643680  -0.8937659067
 0.3760324590  -0.3789549152   0.8455724463
 0.7357633769  -0.6114614743  -0.2911479325
-0.9872142951  -0.1458661333  -0.0642729085
 0.5292124419   0.8073646995   0.2609529333
 0.6629178857   0.4726722554   0.5806210604

