DIRECTIONS
1
1000

30
-0.204018  -0.515210  -0.833338
 0.198419  -0.515815  -0.834316
 0.401918  -0.171830  -0.900252
-0.404539  -0.728059  -0.554793
-0.203066  -0.940678  -0.274600
-0.855601  -0.515201  -0.063494
-0.732172  -0.515813  -0.446519
-0.407096  -0.172032  -0.897883
-0.731996  -0.171831  -0.660433
-0.652648  -0.728058   0.213308
-0.323913  -0.940675   0.108292
-0.324779  -0.515209   0.794101
-0.650918  -0.515814   0.558354
-0.979737  -0.172033   0.109710
-0.854312  -0.171830   0.492080
 0.001190  -0.728055   0.686624
 0.002891  -0.940670   0.341539
 0.654877  -0.515205   0.554271
 0.329892  -0.515810   0.791599
 0.198415   0.172029  -0.965688
 0.204014  -0.171828   0.964557
 0.653384  -0.728058   0.211041
 0.325698  -0.940675   0.102794
 0.201043  -0.939573  -0.279825
 0.404539  -0.728059  -0.554793
 0.731464  -0.171877  -0.661012
 0.729520  -0.515201  -0.451537
 0.854798  -0.515809  -0.069124
 0.857122  -0.172030   0.487099
 0.980392  -0.171830   0.104031
